import { IRoute } from 'src/store';

export const MOCK_ROUTES: IRoute[] = [
  {
    "routeId": 1,
    "stations": [
      "line1_2",
      "line1_3",
      "line1_4",
      "line1_5",
      "line1_14"
    ],
    "status": 3,
    "payload": null,
    "created": 1635046958597,
    "calculated": 1635047716015,
    "result": {
      "adjacencyMatrixCsv": "[[0.0,233.0,423.0,531.0,1515.0],[233.0,0.0,190.0,298.0,1282.0],[423.0,190.0,0.0,108.0,1092.0],[531.0,298.0,108.0,0.0,984.0],[1515.0,1282.0,1092.0,984.0,0.0]]",
      "route": [
        "line1_2",
        "line1_3",
        "line1_4",
        "line1_14",
        "line1_5",
        "line1_2"
      ],
      "totalTime": 3030,
      "quboMatrixCsv": "[[-14917.0,7575.0,7575.0,7575.0,15150.0,233.0,423.0,531.0,7575.0,0.0,0.0,0.0,7575.0,0.0,0.0,0.0],[7575.0,-14727.0,7575.0,7575.0,233.0,15150.0,190.0,298.0,0.0,7575.0,0.0,0.0,0.0,7575.0,0.0,0.0],[7575.0,7575.0,-14619.0,7575.0,423.0,190.0,15150.0,108.0,0.0,0.0,7575.0,0.0,0.0,0.0,7575.0,0.0],[7575.0,7575.0,7575.0,-13635.0,531.0,298.0,108.0,15150.0,0.0,0.0,0.0,7575.0,0.0,0.0,0.0,7575.0],[7575.0,0.0,0.0,0.0,-15150.0,7575.0,7575.0,7575.0,15150.0,233.0,423.0,531.0,7575.0,0.0,0.0,0.0],[0.0,7575.0,0.0,0.0,7575.0,-15150.0,7575.0,7575.0,233.0,15150.0,190.0,298.0,0.0,7575.0,0.0,0.0],[0.0,0.0,7575.0,0.0,7575.0,7575.0,-15150.0,7575.0,423.0,190.0,15150.0,108.0,0.0,0.0,7575.0,0.0],[0.0,0.0,0.0,7575.0,7575.0,7575.0,7575.0,-15150.0,531.0,298.0,108.0,15150.0,0.0,0.0,0.0,7575.0],[7575.0,0.0,0.0,0.0,7575.0,0.0,0.0,0.0,-15150.0,7575.0,7575.0,7575.0,15150.0,233.0,423.0,531.0],[0.0,7575.0,0.0,0.0,0.0,7575.0,0.0,0.0,7575.0,-15150.0,7575.0,7575.0,233.0,15150.0,190.0,298.0],[0.0,0.0,7575.0,0.0,0.0,0.0,7575.0,0.0,7575.0,7575.0,-15150.0,7575.0,423.0,190.0,15150.0,108.0],[0.0,0.0,0.0,7575.0,0.0,0.0,0.0,7575.0,7575.0,7575.0,7575.0,-15150.0,531.0,298.0,108.0,15150.0],[7575.0,0.0,0.0,0.0,7575.0,0.0,0.0,0.0,7575.0,0.0,0.0,0.0,-14917.0,7575.0,7575.0,7575.0],[0.0,7575.0,0.0,0.0,0.0,7575.0,0.0,0.0,0.0,7575.0,0.0,0.0,7575.0,-14727.0,7575.0,7575.0],[0.0,0.0,7575.0,0.0,0.0,0.0,7575.0,0.0,0.0,0.0,7575.0,0.0,7575.0,7575.0,-14619.0,7575.0],[0.0,0.0,0.0,7575.0,0.0,0.0,0.0,7575.0,0.0,0.0,0.0,7575.0,7575.0,7575.0,7575.0,-13635.0]]",
      "solutionType": "feasible",
      "solverType": "remote:simcim",
      "hamEnergy": -59197.0,
      "routeCsv": "line1_2,line1_3,line1_4,line1_14,line1_5,line1_2"
    }
  },
  {
    "routeId": 2,
    "stations": [
      "line1_1",
      "line1_14",
      "line2_7",
      "line2_8"
    ],
    "status": 3,
    "payload": null,
    "created": 1635047523481,
    "calculated": 1635047749455,
    "result": {
      "adjacencyMatrixCsv": "[[0.0,1653.0,2067.0,1894.0],[1653.0,0.0,1399.0,1226.0],[2067.0,1399.0,0.0,173.0],[1894.0,1226.0,173.0,0.0]]",
      "route": [
        "line1_1",
        "line1_14",
        "line2_7",
        "line2_8",
        "line1_1"
      ],
      "totalTime": 5119,
      "quboMatrixCsv": "[[-19017.0,10335.0,10335.0,20670.0,1653.0,2067.0,10335.0,0.0,0.0],[10335.0,-18603.0,10335.0,1653.0,20670.0,1399.0,0.0,10335.0,0.0],[10335.0,10335.0,-18776.0,2067.0,1399.0,20670.0,0.0,0.0,10335.0],[10335.0,0.0,0.0,-20670.0,10335.0,10335.0,20670.0,1653.0,2067.0],[0.0,10335.0,0.0,10335.0,-20670.0,10335.0,1653.0,20670.0,1399.0],[0.0,0.0,10335.0,10335.0,10335.0,-20670.0,2067.0,1399.0,20670.0],[10335.0,0.0,0.0,10335.0,0.0,0.0,-19017.0,10335.0,10335.0],[0.0,10335.0,0.0,0.0,10335.0,0.0,10335.0,-18603.0,10335.0],[0.0,0.0,10335.0,0.0,0.0,10335.0,10335.0,10335.0,-18776.0]]",
      "solutionType": "feasible",
      "solverType": "remote:simcim",
      "hamEnergy": -55411.0,
      "routeCsv": "line1_1,line1_14,line2_7,line2_8,line1_1"
    }
  },
  {
    "routeId": 3,
    "stations": [
      "line1_4",
      "line6_4",
      "line9_16",
      "line13_6",
      "line14_28"
    ],
    "status": 1,
    "payload": null,
    "created": 1635048286445,
    "result": {
      "adjacencyMatrixCsv": null,
      "totalTime": null,
      "quboMatrixCsv": null,
      "solutionType": null,
      "solverType": null,
      "hamEnergy": null,
      "routeCsv": null
    }
  },
  {
    "routeId": 4,
    "stations": [
      "line1_14",
      "line1_16",
      "line1_18",
      "line1_19",
      "line1_20"
    ],
    "status": 1,
    "payload": null,
    "created": 1635049148444,
    "result": {
      "adjacencyMatrixCsv": null,
      "totalTime": null,
      "quboMatrixCsv": null,
      "solutionType": null,
      "solverType": null,
      "hamEnergy": null,
      "routeCsv": null
    }
  },
  {
    "routeId": 5,
    "stations": [
      "line1_1",
      "line1_2",
      "line1_3",
      "line1_4",
      "line1_5"
    ],
    "status": 1,
    "payload": null,
    "created": 1635049188367,
    "result": {
      "adjacencyMatrixCsv": null,
      "totalTime": null,
      "quboMatrixCsv": null,
      "solutionType": null,
      "solverType": null,
      "hamEnergy": null,
      "routeCsv": null
    }
  }
]