import { IRoute } from 'src/store';

export const MOCK_ROUTES: IRoute[] = [
  {
    routeId: 1,
    stations: ["line1_1", "line1_2", "line1_3", "line1_5", "line1_6"],
    status: 2,
    created: (new Date()).getTime(),
    payload: {},
  },
  {
    routeId: 2,
    stations: ["line1_5", "line1_1", "line1_2", "line1_3", "line1_6"],
    status: 3,
    created: (new Date()).getTime(),
    payload: {},
    result: {
      route: ["line1_1", "line1_2", "line1_6", "line1_5", "line1_5"],
      totalTime: 782,
      routeCsv: "",
      quboMatrixCsv: "",
      adjacencyMatrixCsv: "",
      solutionType: 'solutionType1',
      hamEnergy: 438.00,
      solverType: 'solverType2'
    },
  },
  {
    "routeId": 18,
    "stations": [
      "line1_15",
      "line1_19",
      "line3_4",
      "line3_8",
      "line3_10"
    ],
    "status": 3,
    "payload": null,
    "created": 1635022777759,
    "calculated": 1635022780527,
    "result": {
      "adjacencyMatrixCsv": "[[0.0,821.0,2649.0,1545.0,1144.0],[821.0,0.0,3470.0,2366.0,1965.0],[2649.0,3470.0,0.0,1104.0,1505.0],[1545.0,2366.0,1104.0,0.0,401.0],[1144.0,1965.0,1505.0,401.0,0.0]]",
      "route": [
        "line1_15",
        "line1_19",
        "line3_4",
        "line3_10",
        "line3_8",
        "line1_15"
      ],
      "totalTime": 7742,
      "quboMatrixCsv": "[[-33879.0,17350.0,17350.0,17350.0,34700.0,821.0,2649.0,1545.0,17350.0,0.0,0.0,0.0,17350.0,0.0,0.0,0.0],[17350.0,-32051.0,17350.0,17350.0,821.0,34700.0,3470.0,2366.0,0.0,17350.0,0.0,0.0,0.0,17350.0,0.0,0.0],[17350.0,17350.0,-33155.0,17350.0,2649.0,3470.0,34700.0,1104.0,0.0,0.0,17350.0,0.0,0.0,0.0,17350.0,0.0],[17350.0,17350.0,17350.0,-33556.0,1545.0,2366.0,1104.0,34700.0,0.0,0.0,0.0,17350.0,0.0,0.0,0.0,17350.0],[17350.0,0.0,0.0,0.0,-34700.0,17350.0,17350.0,17350.0,34700.0,821.0,2649.0,1545.0,17350.0,0.0,0.0,0.0],[0.0,17350.0,0.0,0.0,17350.0,-34700.0,17350.0,17350.0,821.0,34700.0,3470.0,2366.0,0.0,17350.0,0.0,0.0],[0.0,0.0,17350.0,0.0,17350.0,17350.0,-34700.0,17350.0,2649.0,3470.0,34700.0,1104.0,0.0,0.0,17350.0,0.0],[0.0,0.0,0.0,17350.0,17350.0,17350.0,17350.0,-34700.0,1545.0,2366.0,1104.0,34700.0,0.0,0.0,0.0,17350.0],[17350.0,0.0,0.0,0.0,17350.0,0.0,0.0,0.0,-34700.0,17350.0,17350.0,17350.0,34700.0,821.0,2649.0,1545.0],[0.0,17350.0,0.0,0.0,0.0,17350.0,0.0,0.0,17350.0,-34700.0,17350.0,17350.0,821.0,34700.0,3470.0,2366.0],[0.0,0.0,17350.0,0.0,0.0,0.0,17350.0,0.0,17350.0,17350.0,-34700.0,17350.0,2649.0,3470.0,34700.0,1104.0],[0.0,0.0,0.0,17350.0,0.0,0.0,0.0,17350.0,17350.0,17350.0,17350.0,-34700.0,1545.0,2366.0,1104.0,34700.0],[17350.0,0.0,0.0,0.0,17350.0,0.0,0.0,0.0,17350.0,0.0,0.0,0.0,-33879.0,17350.0,17350.0,17350.0],[0.0,17350.0,0.0,0.0,0.0,17350.0,0.0,0.0,0.0,17350.0,0.0,0.0,17350.0,-32051.0,17350.0,17350.0],[0.0,0.0,17350.0,0.0,0.0,0.0,17350.0,0.0,0.0,0.0,17350.0,0.0,17350.0,17350.0,-33155.0,17350.0],[0.0,0.0,0.0,17350.0,0.0,0.0,0.0,17350.0,0.0,0.0,0.0,17350.0,17350.0,17350.0,17350.0,-33556.0]]",
      "solutionType": "feasible",
      "solverType": "remote:gurobi",
      "hamEnergy": -132143.0,
      "routeCsv": "line1_15,line1_19,line3_4,line3_10,line3_8,line1_15"
    }
  },
  {
    "routeId": 19,
    "stations": [
      "line1_1",
      "line1_2",
      "line1_3"
    ],
    "status": 3,
    "payload": null,
    "created": 1635023107894,
    "calculated": 1635023141502,
    "result": {
      "adjacencyMatrixCsv": "[[0.0,138.0,371.0],[138.0,0.0,233.0],[371.0,233.0,0.0]]",
      "route": [
        "line1_1",
        "line1_3",
        "line1_2",
        "line1_1"
      ],
      "totalTime": 742,
      "quboMatrixCsv": "[[-3572.0,1855.0,3710.0,138.0],[1855.0,-3339.0,138.0,3710.0],[1855.0,0.0,-3572.0,1855.0],[0.0,1855.0,1855.0,-3339.0]]",
      "solutionType": "feasible",
      "solverType": "remote:simcim",
      "hamEnergy": -6773.0,
      "routeCsv": "line1_1,line1_3,line1_2,line1_1"
    }
  }
]
