import { IRoute } from 'src/store';

export const MOCK_ROUTES: IRoute[] = [
  {
    "routeId": 20,
    "stations": [
      "line6_12",
      "line1_10",
      "line1_11",
      "line5_9",
      "line1_12"
    ],
    "status": 1,
    "payload": null,
    "created": 1635023123608,
    "calculated": 1635023175155,
    "result": {
      "adjacencyMatrixCsv": "[[0.0,580.0,685.0,801.0,785.0],[580.0,0.0,105.0,746.0,205.0],[685.0,105.0,0.0,844.0,100.0],[801.0,746.0,844.0,0.0,744.0],[785.0,205.0,100.0,744.0,0.0]]",
      "route": [
        "line6_12",
        "line1_12",
        "line5_9",
        "line1_11",
        "line1_10",
        "line6_12"
      ],
      "totalTime": 3058,
      "quboMatrixCsv": "[[-7860.0,4220.0,4220.0,4220.0,8440.0,580.0,685.0,801.0,4220.0,0.0,0.0,0.0,4220.0,0.0,0.0,0.0],[4220.0,-7755.0,4220.0,4220.0,580.0,8440.0,105.0,746.0,0.0,4220.0,0.0,0.0,0.0,4220.0,0.0,0.0],[4220.0,4220.0,-7639.0,4220.0,685.0,105.0,8440.0,844.0,0.0,0.0,4220.0,0.0,0.0,0.0,4220.0,0.0],[4220.0,4220.0,4220.0,-7655.0,801.0,746.0,844.0,8440.0,0.0,0.0,0.0,4220.0,0.0,0.0,0.0,4220.0],[4220.0,0.0,0.0,0.0,-8440.0,4220.0,4220.0,4220.0,8440.0,580.0,685.0,801.0,4220.0,0.0,0.0,0.0],[0.0,4220.0,0.0,0.0,4220.0,-8440.0,4220.0,4220.0,580.0,8440.0,105.0,746.0,0.0,4220.0,0.0,0.0],[0.0,0.0,4220.0,0.0,4220.0,4220.0,-8440.0,4220.0,685.0,105.0,8440.0,844.0,0.0,0.0,4220.0,0.0],[0.0,0.0,0.0,4220.0,4220.0,4220.0,4220.0,-8440.0,801.0,746.0,844.0,8440.0,0.0,0.0,0.0,4220.0],[4220.0,0.0,0.0,0.0,4220.0,0.0,0.0,0.0,-8440.0,4220.0,4220.0,4220.0,8440.0,580.0,685.0,801.0],[0.0,4220.0,0.0,0.0,0.0,4220.0,0.0,0.0,4220.0,-8440.0,4220.0,4220.0,580.0,8440.0,105.0,746.0],[0.0,0.0,4220.0,0.0,0.0,0.0,4220.0,0.0,4220.0,4220.0,-8440.0,4220.0,685.0,105.0,8440.0,844.0],[0.0,0.0,0.0,4220.0,0.0,0.0,0.0,4220.0,4220.0,4220.0,4220.0,-8440.0,801.0,746.0,844.0,8440.0],[4220.0,0.0,0.0,0.0,4220.0,0.0,0.0,0.0,4220.0,0.0,0.0,0.0,-7860.0,4220.0,4220.0,4220.0],[0.0,4220.0,0.0,0.0,0.0,4220.0,0.0,0.0,0.0,4220.0,0.0,0.0,4220.0,-7755.0,4220.0,4220.0],[0.0,0.0,4220.0,0.0,0.0,0.0,4220.0,0.0,0.0,0.0,4220.0,0.0,4220.0,4220.0,-7639.0,4220.0],[0.0,0.0,0.0,4220.0,0.0,0.0,0.0,4220.0,0.0,0.0,0.0,4220.0,4220.0,4220.0,4220.0,-7655.0]]",
      "solutionType": "feasible",
      "solverType": "remote:simcim",
      "hamEnergy": -30866.0,
      "routeCsv": "line6_12,line1_12,line5_9,line1_11,line1_10,line6_12"
    }
  },
  {
    "routeId": 13,
    "stations": [
      "line1_4",
      "line1_19",
      "line2_2",
      "line2_16",
      "line5_7"
    ],
    "status": 3,
    "payload": null,
    "created": 1635022433276,
    "calculated": 1635022467258,
    "result": {
      "adjacencyMatrixCsv": "[[0.0,2011.0,2271.0,1512.0,1257.0],[2011.0,0.0,3083.0,2283.0,1354.0],[2271.0,3083.0,0.0,2122.0,1759.0],[1512.0,2283.0,2122.0,0.0,994.0],[1257.0,1354.0,1759.0,994.0,0.0]]",
      "route": [
        "line1_4",
        "line5_7",
        "line2_2",
        "line1_19",
        "line2_16",
        "line1_4"
      ],
      "totalTime": 9894,
      "quboMatrixCsv": "[[-28819.0,15415.0,15415.0,15415.0,30830.0,2011.0,2271.0,1512.0,15415.0,0.0,0.0,0.0,15415.0,0.0,0.0,0.0],[15415.0,-28559.0,15415.0,15415.0,2011.0,30830.0,3083.0,2283.0,0.0,15415.0,0.0,0.0,0.0,15415.0,0.0,0.0],[15415.0,15415.0,-29318.0,15415.0,2271.0,3083.0,30830.0,2122.0,0.0,0.0,15415.0,0.0,0.0,0.0,15415.0,0.0],[15415.0,15415.0,15415.0,-29573.0,1512.0,2283.0,2122.0,30830.0,0.0,0.0,0.0,15415.0,0.0,0.0,0.0,15415.0],[15415.0,0.0,0.0,0.0,-30830.0,15415.0,15415.0,15415.0,30830.0,2011.0,2271.0,1512.0,15415.0,0.0,0.0,0.0],[0.0,15415.0,0.0,0.0,15415.0,-30830.0,15415.0,15415.0,2011.0,30830.0,3083.0,2283.0,0.0,15415.0,0.0,0.0],[0.0,0.0,15415.0,0.0,15415.0,15415.0,-30830.0,15415.0,2271.0,3083.0,30830.0,2122.0,0.0,0.0,15415.0,0.0],[0.0,0.0,0.0,15415.0,15415.0,15415.0,15415.0,-30830.0,1512.0,2283.0,2122.0,30830.0,0.0,0.0,0.0,15415.0],[15415.0,0.0,0.0,0.0,15415.0,0.0,0.0,0.0,-30830.0,15415.0,15415.0,15415.0,30830.0,2011.0,2271.0,1512.0],[0.0,15415.0,0.0,0.0,0.0,15415.0,0.0,0.0,15415.0,-30830.0,15415.0,15415.0,2011.0,30830.0,3083.0,2283.0],[0.0,0.0,15415.0,0.0,0.0,0.0,15415.0,0.0,15415.0,15415.0,-30830.0,15415.0,2271.0,3083.0,30830.0,2122.0],[0.0,0.0,0.0,15415.0,0.0,0.0,0.0,15415.0,15415.0,15415.0,15415.0,-30830.0,1512.0,2283.0,2122.0,30830.0],[15415.0,0.0,0.0,0.0,15415.0,0.0,0.0,0.0,15415.0,0.0,0.0,0.0,-28819.0,15415.0,15415.0,15415.0],[0.0,15415.0,0.0,0.0,0.0,15415.0,0.0,0.0,0.0,15415.0,0.0,0.0,15415.0,-28559.0,15415.0,15415.0],[0.0,0.0,15415.0,0.0,0.0,0.0,15415.0,0.0,0.0,0.0,15415.0,0.0,15415.0,15415.0,-29318.0,15415.0],[0.0,0.0,0.0,15415.0,0.0,0.0,0.0,15415.0,0.0,0.0,0.0,15415.0,15415.0,15415.0,15415.0,-29573.0]]",
      "solutionType": "feasible",
      "solverType": "remote:simcim",
      "hamEnergy": -113986.0,
      "routeCsv": "line1_4,line5_7,line2_2,line1_19,line2_16,line1_4"
    }
  },
  {
    "routeId": 14,
    "stations": [
      "line1_1",
      "line1_3",
      "line2_2"
    ],
    "status": 3,
    "payload": null,
    "created": 1635022627269,
    "calculated": 1635022629945,
    "result": {
      "adjacencyMatrixCsv": "[[0.0,371.0,2832.0],[371.0,0.0,2461.0],[2832.0,2461.0,0.0]]",
      "route": [
        "line1_1",
        "line1_3",
        "line2_2",
        "line1_1"
      ],
      "totalTime": 5664,
      "quboMatrixCsv": "[[-27949.0,14160.0,28320.0,371.0],[14160.0,-25488.0,371.0,28320.0],[14160.0,0.0,-27949.0,14160.0],[0.0,14160.0,14160.0,-25488.0]]",
      "solutionType": "feasible",
      "solverType": "remote:gurobi",
      "hamEnergy": -53066.0,
      "routeCsv": "line1_1,line1_3,line2_2,line1_1"
    }
  },
  {
    "routeId": 15,
    "stations": [
      "line7_22",
      "line14_7",
      "lineD1_17",
      "line9_14",
      "line1_10"
    ],
    "status": 3,
    "payload": null,
    "created": 1635022708919,
    "calculated": 1635022711695,
    "result": {
      "adjacencyMatrixCsv": "[[0.0,1315.0,2542.0,2044.0,2004.0],[1315.0,0.0,1848.0,1466.0,1516.0],[2542.0,1848.0,0.0,1108.0,888.0],[2044.0,1466.0,1108.0,0.0,683.0],[2004.0,1516.0,888.0,683.0,0.0]]",
      "route": [
        "line7_22",
        "line14_7",
        "lineD1_17",
        "line1_10",
        "line9_14",
        "line7_22"
      ],
      "totalTime": 6778,
      "quboMatrixCsv": "[[-24105.0,12710.0,12710.0,12710.0,25420.0,1315.0,2542.0,2044.0,12710.0,0.0,0.0,0.0,12710.0,0.0,0.0,0.0],[12710.0,-22878.0,12710.0,12710.0,1315.0,25420.0,1848.0,1466.0,0.0,12710.0,0.0,0.0,0.0,12710.0,0.0,0.0],[12710.0,12710.0,-23376.0,12710.0,2542.0,1848.0,25420.0,1108.0,0.0,0.0,12710.0,0.0,0.0,0.0,12710.0,0.0],[12710.0,12710.0,12710.0,-23416.0,2044.0,1466.0,1108.0,25420.0,0.0,0.0,0.0,12710.0,0.0,0.0,0.0,12710.0],[12710.0,0.0,0.0,0.0,-25420.0,12710.0,12710.0,12710.0,25420.0,1315.0,2542.0,2044.0,12710.0,0.0,0.0,0.0],[0.0,12710.0,0.0,0.0,12710.0,-25420.0,12710.0,12710.0,1315.0,25420.0,1848.0,1466.0,0.0,12710.0,0.0,0.0],[0.0,0.0,12710.0,0.0,12710.0,12710.0,-25420.0,12710.0,2542.0,1848.0,25420.0,1108.0,0.0,0.0,12710.0,0.0],[0.0,0.0,0.0,12710.0,12710.0,12710.0,12710.0,-25420.0,2044.0,1466.0,1108.0,25420.0,0.0,0.0,0.0,12710.0],[12710.0,0.0,0.0,0.0,12710.0,0.0,0.0,0.0,-25420.0,12710.0,12710.0,12710.0,25420.0,1315.0,2542.0,2044.0],[0.0,12710.0,0.0,0.0,0.0,12710.0,0.0,0.0,12710.0,-25420.0,12710.0,12710.0,1315.0,25420.0,1848.0,1466.0],[0.0,0.0,12710.0,0.0,0.0,0.0,12710.0,0.0,12710.0,12710.0,-25420.0,12710.0,2542.0,1848.0,25420.0,1108.0],[0.0,0.0,0.0,12710.0,0.0,0.0,0.0,12710.0,12710.0,12710.0,12710.0,-25420.0,2044.0,1466.0,1108.0,25420.0],[12710.0,0.0,0.0,0.0,12710.0,0.0,0.0,0.0,12710.0,0.0,0.0,0.0,-24105.0,12710.0,12710.0,12710.0],[0.0,12710.0,0.0,0.0,0.0,12710.0,0.0,0.0,0.0,12710.0,0.0,0.0,12710.0,-22878.0,12710.0,12710.0],[0.0,0.0,12710.0,0.0,0.0,0.0,12710.0,0.0,0.0,0.0,12710.0,0.0,12710.0,12710.0,-23376.0,12710.0],[0.0,0.0,0.0,12710.0,0.0,0.0,0.0,12710.0,0.0,0.0,0.0,12710.0,12710.0,12710.0,12710.0,-23416.0]]",
      "solutionType": "feasible",
      "solverType": "remote:gurobi",
      "hamEnergy": -94432.0,
      "routeCsv": "line7_22,line14_7,lineD1_17,line1_10,line9_14,line7_22"
    }
  },
  {
    "routeId": 16,
    "stations": [
      "line1_1",
      "line1_3",
      "line1_4"
    ],
    "status": 3,
    "payload": null,
    "created": 1635022763763,
    "calculated": 1635022766500,
    "result": {
      "adjacencyMatrixCsv": "[[0.0,371.0,561.0],[371.0,0.0,190.0],[561.0,190.0,0.0]]",
      "route": [
        "line1_1",
        "line1_3",
        "line1_4",
        "line1_1"
      ],
      "totalTime": 1122,
      "quboMatrixCsv": "[[-5239.0,2805.0,5610.0,371.0],[2805.0,-5049.0,371.0,5610.0],[2805.0,0.0,-5239.0,2805.0],[0.0,2805.0,2805.0,-5049.0]]",
      "solutionType": "feasible",
      "solverType": "remote:gurobi",
      "hamEnergy": -9917.0,
      "routeCsv": "line1_1,line1_3,line1_4,line1_1"
    }
  },
  {
    "routeId": 17,
    "stations": [
      "line1_4",
      "line1_16",
      "line1_20",
      "line1_21"
    ],
    "status": 3,
    "payload": null,
    "created": 1635022769901,
    "calculated": 1635022771167,
    "result": {
      "adjacencyMatrixCsv": "[[0.0,1403.0,2191.0,2386.0],[1403.0,0.0,788.0,983.0],[2191.0,788.0,0.0,195.0],[2386.0,983.0,195.0,0.0]]",
      "route": [
        "line1_4",
        "line1_16",
        "line1_20",
        "line1_21",
        "line1_4"
      ],
      "totalTime": 4772,
      "quboMatrixCsv": "[[-22457.0,11930.0,11930.0,23860.0,1403.0,2191.0,11930.0,0.0,0.0],[11930.0,-21669.0,11930.0,1403.0,23860.0,788.0,0.0,11930.0,0.0],[11930.0,11930.0,-21474.0,2191.0,788.0,23860.0,0.0,0.0,11930.0],[11930.0,0.0,0.0,-23860.0,11930.0,11930.0,23860.0,1403.0,2191.0],[0.0,11930.0,0.0,11930.0,-23860.0,11930.0,1403.0,23860.0,788.0],[0.0,0.0,11930.0,11930.0,11930.0,-23860.0,2191.0,788.0,23860.0],[11930.0,0.0,0.0,11930.0,0.0,0.0,-22457.0,11930.0,11930.0],[0.0,11930.0,0.0,0.0,11930.0,0.0,11930.0,-21669.0,11930.0],[0.0,0.0,11930.0,0.0,0.0,11930.0,11930.0,11930.0,-21474.0]]",
      "solutionType": "feasible",
      "solverType": "remote:gurobi",
      "hamEnergy": -65600.0,
      "routeCsv": "line1_4,line1_16,line1_20,line1_21,line1_4"
    }
  },
  {
    "routeId": 18,
    "stations": [
      "line1_15",
      "line1_19",
      "line3_4",
      "line3_8",
      "line3_10"
    ],
    "status": 3,
    "payload": null,
    "created": 1635022777759,
    "calculated": 1635022780527,
    "result": {
      "adjacencyMatrixCsv": "[[0.0,821.0,2649.0,1545.0,1144.0],[821.0,0.0,3470.0,2366.0,1965.0],[2649.0,3470.0,0.0,1104.0,1505.0],[1545.0,2366.0,1104.0,0.0,401.0],[1144.0,1965.0,1505.0,401.0,0.0]]",
      "route": [
        "line1_15",
        "line1_19",
        "line3_4",
        "line3_10",
        "line3_8",
        "line1_15"
      ],
      "totalTime": 7742,
      "quboMatrixCsv": "[[-33879.0,17350.0,17350.0,17350.0,34700.0,821.0,2649.0,1545.0,17350.0,0.0,0.0,0.0,17350.0,0.0,0.0,0.0],[17350.0,-32051.0,17350.0,17350.0,821.0,34700.0,3470.0,2366.0,0.0,17350.0,0.0,0.0,0.0,17350.0,0.0,0.0],[17350.0,17350.0,-33155.0,17350.0,2649.0,3470.0,34700.0,1104.0,0.0,0.0,17350.0,0.0,0.0,0.0,17350.0,0.0],[17350.0,17350.0,17350.0,-33556.0,1545.0,2366.0,1104.0,34700.0,0.0,0.0,0.0,17350.0,0.0,0.0,0.0,17350.0],[17350.0,0.0,0.0,0.0,-34700.0,17350.0,17350.0,17350.0,34700.0,821.0,2649.0,1545.0,17350.0,0.0,0.0,0.0],[0.0,17350.0,0.0,0.0,17350.0,-34700.0,17350.0,17350.0,821.0,34700.0,3470.0,2366.0,0.0,17350.0,0.0,0.0],[0.0,0.0,17350.0,0.0,17350.0,17350.0,-34700.0,17350.0,2649.0,3470.0,34700.0,1104.0,0.0,0.0,17350.0,0.0],[0.0,0.0,0.0,17350.0,17350.0,17350.0,17350.0,-34700.0,1545.0,2366.0,1104.0,34700.0,0.0,0.0,0.0,17350.0],[17350.0,0.0,0.0,0.0,17350.0,0.0,0.0,0.0,-34700.0,17350.0,17350.0,17350.0,34700.0,821.0,2649.0,1545.0],[0.0,17350.0,0.0,0.0,0.0,17350.0,0.0,0.0,17350.0,-34700.0,17350.0,17350.0,821.0,34700.0,3470.0,2366.0],[0.0,0.0,17350.0,0.0,0.0,0.0,17350.0,0.0,17350.0,17350.0,-34700.0,17350.0,2649.0,3470.0,34700.0,1104.0],[0.0,0.0,0.0,17350.0,0.0,0.0,0.0,17350.0,17350.0,17350.0,17350.0,-34700.0,1545.0,2366.0,1104.0,34700.0],[17350.0,0.0,0.0,0.0,17350.0,0.0,0.0,0.0,17350.0,0.0,0.0,0.0,-33879.0,17350.0,17350.0,17350.0],[0.0,17350.0,0.0,0.0,0.0,17350.0,0.0,0.0,0.0,17350.0,0.0,0.0,17350.0,-32051.0,17350.0,17350.0],[0.0,0.0,17350.0,0.0,0.0,0.0,17350.0,0.0,0.0,0.0,17350.0,0.0,17350.0,17350.0,-33155.0,17350.0],[0.0,0.0,0.0,17350.0,0.0,0.0,0.0,17350.0,0.0,0.0,0.0,17350.0,17350.0,17350.0,17350.0,-33556.0]]",
      "solutionType": "feasible",
      "solverType": "remote:gurobi",
      "hamEnergy": -132143.0,
      "routeCsv": "line1_15,line1_19,line3_4,line3_10,line3_8,line1_15"
    }
  },
  {
    "routeId": 19,
    "stations": [
      "line1_1",
      "line1_2",
      "line1_3"
    ],
    "status": 3,
    "payload": null,
    "created": 1635023107894,
    "calculated": 1635023141502,
    "result": {
      "adjacencyMatrixCsv": "[[0.0,138.0,371.0],[138.0,0.0,233.0],[371.0,233.0,0.0]]",
      "route": [
        "line1_1",
        "line1_3",
        "line1_2",
        "line1_1"
      ],
      "totalTime": 742,
      "quboMatrixCsv": "[[-3572.0,1855.0,3710.0,138.0],[1855.0,-3339.0,138.0,3710.0],[1855.0,0.0,-3572.0,1855.0],[0.0,1855.0,1855.0,-3339.0]]",
      "solutionType": "feasible",
      "solverType": "remote:simcim",
      "hamEnergy": -6773.0,
      "routeCsv": "line1_1,line1_3,line1_2,line1_1"
    }
  }
]
